    2  200
 5.00000E+00 1.50000E+01 2.50000E+01 3.50000E+01 4.50000E+01 5.50000E+01 6.50000E+01 7.50000E+01 8.50000E+01 9.50000E+01
 1.05000E+02 1.15000E+02 1.25000E+02 1.35000E+02 1.45000E+02 1.55000E+02 1.65000E+02 1.75000E+02 1.85000E+02 1.95000E+02
 2.05000E+02 2.15000E+02 2.25000E+02 2.35000E+02 2.45000E+02 2.55000E+02 2.65000E+02 2.75000E+02 2.85000E+02 2.95000E+02
 3.05000E+02 3.15000E+02 3.25000E+02 3.35000E+02 3.45000E+02 3.55000E+02 3.65000E+02 3.75000E+02 3.85000E+02 3.95000E+02
 4.05000E+02 4.15000E+02 4.25000E+02 4.35000E+02 4.45000E+02 4.55000E+02 4.65000E+02 4.75000E+02 4.85000E+02 4.95000E+02
 5.05000E+02 5.15000E+02 5.25000E+02 5.35000E+02 5.45000E+02 5.55000E+02 5.65000E+02 5.75000E+02 5.85000E+02 5.95000E+02
 6.05000E+02 6.15000E+02 6.25000E+02 6.35000E+02 6.45000E+02 6.55000E+02 6.65000E+02 6.75000E+02 6.85000E+02 6.95000E+02
 7.05000E+02 7.15000E+02 7.25000E+02 7.35000E+02 7.45000E+02 7.55000E+02 7.65000E+02 7.75000E+02 7.85000E+02 7.95000E+02
 8.05000E+02 8.15000E+02 8.25000E+02 8.35000E+02 8.45000E+02 8.55000E+02 8.65000E+02 8.75000E+02 8.85000E+02 8.95000E+02
 9.05000E+02 9.15000E+02 9.25000E+02 9.35000E+02 9.45000E+02 9.55000E+02 9.65000E+02 9.75000E+02 9.85000E+02 9.95000E+02
 1.00500E+03 1.01500E+03 1.02500E+03 1.03500E+03 1.04500E+03 1.05500E+03 1.06500E+03 1.07500E+03 1.08500E+03 1.09500E+03
 1.10500E+03 1.11500E+03 1.12500E+03 1.13500E+03 1.14500E+03 1.15500E+03 1.16500E+03 1.17500E+03 1.18500E+03 1.19500E+03
 1.20500E+03 1.21500E+03 1.22500E+03 1.23500E+03 1.24500E+03 1.25500E+03 1.26500E+03 1.27500E+03 1.28500E+03 1.29500E+03
 1.30500E+03 1.31500E+03 1.32500E+03 1.33500E+03 1.34500E+03 1.35500E+03 1.36500E+03 1.37500E+03 1.38500E+03 1.39500E+03
 1.40500E+03 1.41500E+03 1.42500E+03 1.43500E+03 1.44500E+03 1.45500E+03 1.46500E+03 1.47500E+03 1.48500E+03 1.49500E+03
 1.50500E+03 1.51500E+03 1.52500E+03 1.53500E+03 1.54500E+03 1.55500E+03 1.56500E+03 1.57500E+03 1.58500E+03 1.59500E+03
 1.60500E+03 1.61500E+03 1.62500E+03 1.63500E+03 1.64500E+03 1.65500E+03 1.66500E+03 1.67500E+03 1.68500E+03 1.69500E+03
 1.70500E+03 1.71500E+03 1.72500E+03 1.73500E+03 1.74500E+03 1.75500E+03 1.76500E+03 1.77500E+03 1.78500E+03 1.79500E+03
 1.80500E+03 1.81500E+03 1.82500E+03 1.83500E+03 1.84500E+03 1.85500E+03 1.86500E+03 1.87500E+03 1.88500E+03 1.89500E+03
 1.90500E+03 1.91500E+03 1.92500E+03 1.93500E+03 1.94500E+03 1.95500E+03 1.96500E+03 1.97500E+03 1.98500E+03 1.99500E+03
 0.00000E+00
 1.00000E-20 1.00000E-20 1.00000E-20 1.00000E-20 1.00000E-20 1.00000E-20 1.00000E-20 1.00000E-20 1.00000E-20 1.00000E-20
 1.00000E-20 1.00000E-20 1.00000E-20 1.00000E-20 1.00000E-20 1.00000E-20 1.00000E-20 1.00000E-20 1.00000E-20 1.00000E-20
 1.00000E-20 1.00000E-20 1.00000E-20 1.00000E-20 1.00000E-20 1.00000E-20 1.00000E-20 1.00000E-20 1.00000E-20 1.00000E-20
 1.00000E-20 1.00000E-20 1.00000E-20 1.00000E-20 1.00000E-20 1.00000E-20 1.00000E-20 1.00000E-20 1.00000E-20 1.00000E-20
 1.00000E-20 1.00000E-20 1.00000E-20 1.00000E-20 1.00000E-20 1.00000E-20 1.00000E-20 1.00000E-20 1.00000E-20 1.00000E-20
 1.00000E-20 1.00000E-20 1.00000E-20 1.00000E-20 1.00000E-20 1.00000E-20 1.00000E-20 1.00000E-20 1.00000E-20 1.00000E-20
 1.00000E-20 1.00000E-20 1.00000E-20 1.00000E-20 1.00000E-20 1.00000E-20 1.00000E-20 1.00000E-20 1.00000E-20 1.00000E-20
 1.00000E-20 1.00000E-20 1.00000E-20 1.00000E-20 1.00000E-20 1.00000E-20 1.00000E-20 1.00000E-20 1.00000E-20 1.00000E-20
 1.00000E-20 1.00000E-20 1.00000E-20 1.00000E-20 1.00000E-20 1.00000E-20 1.00000E-20 1.00000E-20 1.00000E-20 1.00000E-20
 1.00000E-20 1.00000E-20 1.00000E-20 1.00000E-20 1.00000E-20 1.00000E-20 1.00000E-20 1.00000E-20 1.00000E-20 1.00000E-20
 1.00000E-20 1.00000E-20 1.00000E-20 1.00000E-20 1.00000E-20 1.00000E-20 1.00000E-20 1.00000E-20 1.00000E-20 1.00000E-20
 1.00000E-20 1.00000E-20 1.00000E-20 1.00000E-20 1.00000E-20 1.00000E-20 1.00000E-20 1.00000E-20 1.00000E-20 1.00000E-20
 1.00000E-20 1.00000E-20 1.00000E-20 1.00000E-20 1.00000E-20 1.00000E-20 1.00000E-20 1.00000E-20 1.00000E-20 1.00000E-20
 1.00000E-20 1.00000E-20 1.00000E-20 1.00000E-20 1.00000E-20 1.00000E-20 1.00000E-20 1.00000E-20 1.00000E-20 1.00000E-20
 1.00000E-20 1.00000E-20 1.00000E-20 1.00000E-20 1.00000E-20 1.00000E-20 1.00000E-20 1.00000E-20 1.00000E-20 1.00000E-20
 1.00000E-20 1.00000E-20 1.00000E-20 1.00000E-20 1.00000E-20 1.00000E-20 1.00000E-20 1.00000E-20 1.00000E-20 1.00000E-20
 1.00000E-20 1.00000E-20 1.00000E-20 1.00000E-20 1.00000E-20 1.00000E-20 1.00000E-20 1.00000E-20 1.00000E-20 1.00000E-20
 1.00000E-20 1.00000E-20 1.00000E-20 1.00000E-20 1.00000E-20 1.00000E-20 1.00000E-20 1.00000E-20 1.00000E-20 1.00000E-20
 1.00000E-20 1.00000E-20 1.00000E-20 1.00000E-20 1.00000E-20 1.00000E-20 1.00000E-20 1.00000E-20 1.00000E-20 1.00000E-20
 1.00000E-20 1.00000E-20 1.00000E-20 1.00000E-20 1.00000E-20 1.00000E-20 1.00000E-20 1.00000E-20 1.00000E-20 1.00000E-20
 1.00000E-09
 1.00000E-20 1.00000E-20 1.00000E-20 1.00000E-20 1.00000E-20 1.00000E-20 1.00000E-20 1.00000E-20 1.00000E-20 1.00000E-20
 1.00000E-20 1.00000E-20 1.00000E-20 1.00000E-20 1.00000E-20 1.00000E-20 1.00000E-20 1.00000E-20 1.00000E-20 1.00000E-20
 1.00000E-20 1.00000E-20 1.00000E-20 1.00000E-20 1.00000E-20 1.00000E-20 1.00000E-20 1.00000E-20 1.00000E-20 1.00000E-20
 1.00000E-20 1.00000E-20 1.00000E-20 1.00000E-20 1.00000E-20 1.00000E-20 1.00000E-20 1.00000E-20 1.00000E-20 1.00000E-20
 1.00000E-20 1.00000E-20 1.00000E-20 1.00000E-20 1.00000E-20 1.00000E-20 1.00000E-20 1.00000E-20 1.00000E-20 1.00000E-20
 1.00000E-20 1.00000E-20 1.00000E-20 1.00000E-20 1.00000E-20 1.00000E-20 1.00000E-20 1.00000E-20 1.00000E-20 1.00000E-20
 1.00000E-20 1.00000E-20 1.00000E-20 1.00000E-20 1.00000E-20 1.00000E-20 1.00000E-20 1.00000E-20 1.00000E-20 1.00000E-20
 1.00000E-20 1.00000E-20 1.00000E-20 1.00000E-20 1.00000E-20 1.00000E-20 1.00000E-20 1.00000E-20 1.00000E-20 1.00000E-20
 1.00000E-20 1.00000E-20 1.00000E-20 1.00000E-20 1.00000E-20 1.00000E-20 1.00000E-20 1.00000E-20 1.00000E-20 1.00000E-20
 1.00000E-20 1.00000E-20 1.00000E-20 1.00000E-20 1.00000E-20 1.00000E-20 1.00000E-20 1.00000E-20 1.00000E-20 1.00000E-20
 1.00000E-20 1.00000E-20 1.00000E-20 1.00000E-20 1.00000E-20 1.00000E-20 1.00000E-20 1.00000E-20 1.00000E-20 1.00000E-20
 1.00000E-20 1.00000E-20 1.00000E-20 1.00000E-20 1.00000E-20 1.00000E-20 1.00000E-20 1.00000E-20 1.00000E-20 1.00000E-20
 1.00000E-20 1.00000E-20 1.00000E-20 1.00000E-20 1.00000E-20 1.00000E-20 1.00000E-20 1.00000E-20 1.00000E-20 1.00000E-20
 1.00000E-20 1.00000E-20 1.00000E-20 1.00000E-20 1.00000E-20 1.00000E-20 1.00000E-20 1.00000E-20 1.00000E-20 1.00000E-20
 1.00000E-20 1.00000E-20 1.00000E-20 1.00000E-20 1.00000E-20 1.00000E-20 1.00000E-20 1.00000E-20 1.00000E-20 1.00000E-20
 1.00000E-20 1.00000E-20 1.00000E-20 1.00000E-20 1.00000E-20 1.00000E-20 1.00000E-20 1.00000E-20 1.00000E-20 1.00000E-20
 1.00000E-20 1.00000E-20 1.00000E-20 1.00000E-20 1.00000E-20 1.00000E-20 1.00000E-20 1.00000E-20 1.00000E-20 1.00000E-20
 1.00000E-20 1.00000E-20 1.00000E-20 1.00000E-20 1.00000E-20 1.00000E-20 1.00000E-20 1.00000E-20 1.00000E-20 1.00000E-20
 1.00000E-20 1.00000E-20 1.00000E-20 1.00000E-20 1.00000E-20 1.00000E-20 1.00000E-20 1.00000E-20 1.00000E-20 1.00000E-20
 1.00000E-20 1.00000E-20 1.00000E-20 1.00000E-20 1.00000E-20 1.00000E-20 1.00000E-20 1.00000E-20 1.00000E-20 1.00000E-20
