time            nt      size             te
0.000E+00       2.00000E+19   1.60000E-04   2.58000E-02
5.000E-15       2.00000E+19   1.60000E-04   2.58000E-02
1.000E-14       2.00000E+19   1.60000E-04   2.58000E-02
1.500E-14       2.00000E+19   1.60000E-04   2.58000E-02
2.000E-14       2.00000E+19   1.60000E-04   2.58000E-02
2.500E-14       2.00000E+19   1.60000E-04   2.58000E-02
3.000E-14       2.00000E+19   1.60000E-04   2.58000E-02
3.500E-14       2.00000E+19   1.60000E-04   2.58000E-02
4.000E-14       2.00000E+19   1.60000E-04   2.58000E-02
4.500E-14       2.00000E+19   1.60000E-04   2.58000E-02
5.000E-14       2.00000E+19   1.60000E-04   2.58000E-02
5.500E-14       2.00000E+19   1.60000E-04   2.58000E-02
6.000E-14       2.00000E+19   1.60000E-04   2.58000E-02
6.500E-14       2.00000E+19   1.60000E-04   2.58000E-02
7.000E-14       2.00000E+19   1.60000E-04   2.58000E-02
7.500E-14       2.00000E+19   1.60000E-04   2.58000E-02
8.000E-14       2.00000E+19   1.60000E-04   2.58000E-02
8.500E-14       2.00000E+19   1.60000E-04   2.58000E-02
9.000E-14       2.00000E+19   1.60000E-04   2.58000E-02
9.500E-14       2.00000E+19   1.60000E-04   2.58000E-02
1.000E-13       2.00000E+19   1.60000E-04   2.58000E-02
1.050E-13       2.00000E+19   1.60000E-04   2.58000E-02
1.100E-13       2.00000E+19   1.60000E-04   2.58000E-02
1.150E-13       2.00000E+19   1.60000E-04   2.58000E-02
1.200E-13       2.00000E+19   1.60000E-04   2.58000E-02
1.250E-13       2.00000E+19   1.60000E-04   2.58000E-02
1.300E-13       2.00000E+19   1.60000E-04   2.58000E-02
1.350E-13       2.00000E+19   1.60000E-04   2.58000E-02
1.400E-13       2.00000E+19   1.60000E-04   2.58000E-02
1.450E-13       2.00000E+19   1.60000E-04   2.58000E-02
1.500E-13       2.00000E+19   1.60000E-04   2.58000E-02
1.550E-13       2.00000E+19   1.60000E-04   2.58000E-02
1.600E-13       2.00000E+19   1.60000E-04   2.58000E-02
1.650E-13       2.00000E+19   1.60000E-04   2.58000E-02
1.700E-13       2.00000E+19   1.60000E-04   2.58000E-02
1.750E-13       2.00000E+19   1.60000E-04   2.58000E-02
1.800E-13       2.00000E+19   1.60000E-04   2.58000E-02
1.850E-13       2.00000E+19   1.60000E-04   2.58000E-02
1.900E-13       2.00000E+19   1.60000E-04   2.58000E-02
1.950E-13       2.00000E+19   1.60000E-04   2.58000E-02
2.000E-13       2.00000E+19   1.60000E-04   2.58000E-02
2.050E-13       2.00000E+19   1.60000E-04   2.58000E-02
2.100E-13       2.00000E+19   1.60000E-04   2.58000E-02
2.150E-13       2.00000E+19   1.60000E-04   2.58000E-02
2.200E-13       2.00000E+19   1.60000E-04   2.58000E-02
2.250E-13       2.00000E+19   1.60000E-04   2.58000E-02
2.300E-13       2.00000E+19   1.60000E-04   2.58000E-02
2.350E-13       2.00000E+19   1.60000E-04   2.58000E-02
2.400E-13       2.00000E+19   1.60000E-04   2.58000E-02
2.450E-13       2.00000E+19   1.60000E-04   2.58000E-02
2.500E-13       2.00000E+19   1.60000E-04   2.58000E-02
2.550E-13       2.00000E+19   1.60000E-04   2.58000E-02
2.600E-13       2.00000E+19   1.60000E-04   2.58000E-02
2.650E-13       2.00000E+19   1.60000E-04   2.58000E-02
2.700E-13       2.00000E+19   1.60000E-04   2.58000E-02
2.750E-13       2.00000E+19   1.60000E-04   2.58000E-02
2.800E-13       2.00000E+19   1.60000E-04   2.58000E-02
2.850E-13       2.00000E+19   1.60000E-04   2.58000E-02
2.900E-13       2.00000E+19   1.60000E-04   2.58000E-02
2.950E-13       2.00000E+19   1.60000E-04   2.58000E-02
3.000E-13       2.00000E+19   1.60000E-04   2.58000E-02
3.050E-13       2.00000E+19   1.60000E-04   2.58000E-02
3.100E-13       2.00000E+19   1.60000E-04   2.58000E-02
3.150E-13       2.00000E+19   1.60000E-04   2.58000E-02
3.200E-13       2.00000E+19   1.60000E-04   2.58000E-02
3.250E-13       2.00000E+19   1.60000E-04   2.58000E-02
3.300E-13       2.00000E+19   1.60000E-04   2.58000E-02
3.350E-13       2.00000E+19   1.60000E-04   2.58000E-02
3.400E-13       2.00000E+19   1.60000E-04   2.58000E-02
3.450E-13       2.00000E+19   1.60000E-04   2.58000E-02
3.500E-13       2.00000E+19   1.60000E-04   2.58000E-02
3.550E-13       2.00000E+19   1.60000E-04   2.58000E-02
3.600E-13       2.00000E+19   1.60000E-04   2.58000E-02
3.650E-13       2.00000E+19   1.60000E-04   2.58000E-02
3.700E-13       2.00000E+19   1.60000E-04   2.58000E-02
3.750E-13       2.00000E+19   1.60000E-04   2.58000E-02
3.800E-13       2.00000E+19   1.60000E-04   2.58000E-02
3.850E-13       2.00000E+19   1.60000E-04   2.58000E-02
3.900E-13       2.00000E+19   1.60000E-04   2.58000E-02
3.950E-13       2.00000E+19   1.60000E-04   2.58000E-02
4.000E-13       2.00000E+19   1.60000E-04   2.58000E-02
4.050E-13       2.00000E+19   1.60000E-04   2.58000E-02
4.100E-13       2.00000E+19   1.60000E-04   2.58000E-02
4.150E-13       2.00000E+19   1.60000E-04   2.58000E-02
4.200E-13       2.00000E+19   1.60000E-04   2.58000E-02
4.250E-13       2.00000E+19   1.60000E-04   2.58000E-02
4.300E-13       2.00000E+19   1.60000E-04   2.58000E-02
4.350E-13       2.00000E+19   1.60000E-04   2.58000E-02
4.400E-13       2.00000E+19   1.60000E-04   2.58000E-02
4.450E-13       2.00000E+19   1.60000E-04   2.58000E-02
4.500E-13       2.00000E+19   1.60000E-04   2.58000E-02
4.550E-13       2.00000E+19   1.60000E-04   2.58000E-02
4.600E-13       2.00000E+19   1.60000E-04   2.58000E-02
4.650E-13       2.00000E+19   1.60000E-04   2.58000E-02
4.700E-13       2.00000E+19   1.60000E-04   2.58000E-02
4.750E-13       2.00000E+19   1.60000E-04   2.58000E-02
4.800E-13       2.00000E+19   1.60000E-04   2.58000E-02
4.850E-13       2.00000E+19   1.60000E-04   2.58000E-02
4.900E-13       2.00000E+19   1.60000E-04   2.58000E-02
4.950E-13       2.00000E+19   1.60000E-04   2.58000E-02
5.000E-13       2.00000E+19   1.60000E-04   2.58000E-02
5.050E-13       2.00000E+19   1.60000E-04   2.58000E-02
5.100E-13       2.00000E+19   1.60000E-04   2.58000E-02
5.150E-13       2.00000E+19   1.60000E-04   2.58000E-02
5.200E-13       2.00000E+19   1.60000E-04   2.58000E-02
5.250E-13       2.00000E+19   1.60000E-04   2.58000E-02
5.300E-13       2.00000E+19   1.60000E-04   2.58000E-02
5.350E-13       2.00000E+19   1.60000E-04   2.58000E-02
5.400E-13       2.00000E+19   1.60000E-04   2.58000E-02
5.450E-13       2.00000E+19   1.60000E-04   2.58000E-02
5.500E-13       2.00000E+19   1.60000E-04   2.58000E-02
5.550E-13       2.00000E+19   1.60000E-04   2.58000E-02
5.600E-13       2.00000E+19   1.60000E-04   2.58000E-02
5.650E-13       2.00000E+19   1.60000E-04   2.58000E-02
5.700E-13       2.00000E+19   1.60000E-04   2.58000E-02
5.750E-13       2.00000E+19   1.60000E-04   2.58000E-02
5.800E-13       2.00000E+19   1.60000E-04   2.58000E-02
5.850E-13       2.00000E+19   1.60000E-04   2.58000E-02
5.900E-13       2.00000E+19   1.60000E-04   2.58000E-02
5.950E-13       2.00000E+19   1.60000E-04   2.58000E-02
6.000E-13       2.00000E+19   1.60000E-04   2.58000E-02
6.050E-13       2.00000E+19   1.60000E-04   2.58000E-02
6.100E-13       2.00000E+19   1.60000E-04   2.58000E-02
6.150E-13       2.00000E+19   1.60000E-04   2.58000E-02
6.200E-13       2.00000E+19   1.60000E-04   2.58000E-02
6.250E-13       2.00000E+19   1.60000E-04   2.58000E-02
6.300E-13       2.00000E+19   1.60000E-04   2.58000E-02
6.350E-13       2.00000E+19   1.60000E-04   2.58000E-02
6.400E-13       2.00000E+19   1.60000E-04   2.58000E-02
6.450E-13       2.00000E+19   1.60000E-04   2.58000E-02
6.500E-13       2.00000E+19   1.60000E-04   2.58000E-02
6.550E-13       2.00000E+19   1.60000E-04   2.58000E-02
6.600E-13       2.00000E+19   1.60000E-04   2.58000E-02
6.650E-13       2.00000E+19   1.60000E-04   2.58000E-02
6.700E-13       2.00000E+19   1.60000E-04   2.58000E-02
6.750E-13       2.00000E+19   1.60000E-04   2.58000E-02
6.800E-13       2.00000E+19   1.60000E-04   2.58000E-02
6.850E-13       2.00000E+19   1.60000E-04   2.58000E-02
6.900E-13       2.00000E+19   1.60000E-04   2.58000E-02
6.950E-13       2.00000E+19   1.60000E-04   2.58000E-02
7.000E-13       2.00000E+19   1.60000E-04   2.58000E-02
7.050E-13       2.00000E+19   1.60000E-04   2.58000E-02
7.100E-13       2.00000E+19   1.60000E-04   2.58000E-02
7.150E-13       2.00000E+19   1.60000E-04   2.58000E-02
7.200E-13       2.00000E+19   1.60000E-04   2.58000E-02
7.250E-13       2.00000E+19   1.60000E-04   2.58000E-02
7.300E-13       2.00000E+19   1.60000E-04   2.58000E-02
7.350E-13       2.00000E+19   1.60000E-04   2.58000E-02
7.400E-13       2.00000E+19   1.60000E-04   2.58000E-02
7.450E-13       2.00000E+19   1.60000E-04   2.58000E-02
7.500E-13       2.00000E+19   1.60000E-04   2.58000E-02
7.550E-13       2.00000E+19   1.60000E-04   2.58000E-02
7.600E-13       2.00000E+19   1.60000E-04   2.58000E-02
7.650E-13       2.00000E+19   1.60000E-04   2.58000E-02
7.700E-13       2.00000E+19   1.60000E-04   2.58000E-02
7.750E-13       2.00000E+19   1.60000E-04   2.58000E-02
7.800E-13       2.00000E+19   1.60000E-04   2.58000E-02
7.850E-13       2.00000E+19   1.60000E-04   2.58000E-02
7.900E-13       2.00000E+19   1.60000E-04   2.58000E-02
7.950E-13       2.00000E+19   1.60000E-04   2.58000E-02
8.000E-13       2.00000E+19   1.60000E-04   2.58000E-02
8.050E-13       2.00000E+19   1.60000E-04   2.58000E-02
8.100E-13       2.00000E+19   1.60000E-04   2.58000E-02
8.150E-13       2.00000E+19   1.60000E-04   2.58000E-02
8.200E-13       2.00000E+19   1.60000E-04   2.58000E-02
8.250E-13       2.00000E+19   1.60000E-04   2.58000E-02
8.300E-13       2.00000E+19   1.60000E-04   2.58000E-02
8.350E-13       2.00000E+19   1.60000E-04   2.58000E-02
8.400E-13       2.00000E+19   1.60000E-04   2.58000E-02
8.450E-13       2.00000E+19   1.60000E-04   2.58000E-02
8.500E-13       2.00000E+19   1.60000E-04   2.58000E-02
8.550E-13       2.00000E+19   1.60000E-04   2.58000E-02
8.600E-13       2.00000E+19   1.60000E-04   2.58000E-02
8.650E-13       2.00000E+19   1.60000E-04   2.58000E-02
8.700E-13       2.00000E+19   1.60000E-04   2.58000E-02
8.750E-13       2.00000E+19   1.60000E-04   2.58000E-02
8.800E-13       2.00000E+19   1.60000E-04   2.58000E-02
8.850E-13       2.00000E+19   1.60000E-04   2.58000E-02
8.900E-13       2.00000E+19   1.60000E-04   2.58000E-02
8.950E-13       2.00000E+19   1.60000E-04   2.58000E-02
9.000E-13       2.00000E+19   1.60000E-04   2.58000E-02
9.050E-13       2.00000E+19   1.60000E-04   2.58000E-02
9.100E-13       2.00000E+19   1.60000E-04   2.58000E-02
9.150E-13       2.00000E+19   1.60000E-04   2.58000E-02
9.200E-13       2.00000E+19   1.60000E-04   2.58000E-02
9.250E-13       2.00000E+19   1.60000E-04   2.58000E-02
9.300E-13       2.00000E+19   1.60000E-04   2.58000E-02
9.350E-13       2.00000E+19   1.60000E-04   2.58000E-02
9.400E-13       2.00000E+19   1.60000E-04   2.58000E-02
9.450E-13       2.00000E+19   1.60000E-04   2.58000E-02
9.500E-13       2.00000E+19   1.60000E-04   2.58000E-02
9.550E-13       2.00000E+19   1.60000E-04   2.58000E-02
9.600E-13       2.00000E+19   1.60000E-04   2.58000E-02
9.650E-13       2.00000E+19   1.60000E-04   2.58000E-02
9.700E-13       2.00000E+19   1.60000E-04   2.58000E-02
9.750E-13       2.00000E+19   1.60000E-04   2.58000E-02
9.800E-13       2.00000E+19   1.60000E-04   2.58000E-02
9.850E-13       2.00000E+19   1.60000E-04   2.58000E-02
9.900E-13       2.00000E+19   1.60000E-04   2.58000E-02
