124 11
 1988.0 1992.5 1995.5 1998.5 1999.2 2000.0 2000.8 2001.5 2004.5 2007.5 2012.0
 0.000E+00 0.000E+00
 1.194E+01 1.028E+04 1.645E+05 6.581E+05 7.495E+05 7.826E+05 7.495E+05 6.581E+05 1.645E+05 1.028E+04 1.194E+01
 5.000E-17 0.000E+00
 1.196E+01 1.030E+04 1.648E+05 6.592E+05 7.506E+05 7.839E+05 7.506E+05 6.592E+05 1.648E+05 1.030E+04 1.196E+01
 5.000E-16 0.000E+00
 1.213E+01 1.045E+04 1.671E+05 6.685E+05 7.613E+05 7.950E+05 7.613E+05 6.685E+05 1.671E+05 1.045E+04 1.213E+01
 1.000E-15 0.000E+00
 1.232E+01 1.061E+04 1.698E+05 6.791E+05 7.734E+05 8.076E+05 7.734E+05 6.791E+05 1.698E+05 1.061E+04 1.232E+01
 5.000E-15 0.000E+00
 1.396E+01 1.202E+04 1.923E+05 7.692E+05 8.759E+05 9.147E+05 8.759E+05 7.692E+05 1.923E+05 1.202E+04 1.396E+01
 1.000E-14 0.000E+00
 1.627E+01 1.401E+04 2.242E+05 8.966E+05 1.021E+06 1.066E+06 1.021E+06 8.966E+05 2.242E+05 1.401E+04 1.627E+01
 1.500E-14 0.000E+00
 1.892E+01 1.629E+04 2.606E+05 1.042E+06 1.187E+06 1.240E+06 1.187E+06 1.042E+06 2.606E+05 1.629E+04 1.892E+01
 2.000E-14 0.000E+00
 2.193E+01 1.889E+04 3.022E+05 1.209E+06 1.377E+06 1.437E+06 1.377E+06 1.209E+06 3.022E+05 1.889E+04 2.193E+01
 2.500E-14 0.000E+00
 2.537E+01 2.184E+04 3.495E+05 1.398E+06 1.592E+06 1.663E+06 1.592E+06 1.398E+06 3.495E+05 2.184E+04 2.537E+01
 3.000E-14 0.000E+00
 2.926E+01 2.520E+04 4.032E+05 1.613E+06 1.836E+06 1.918E+06 1.836E+06 1.613E+06 4.032E+05 2.520E+04 2.926E+01
 3.500E-14 0.000E+00
 3.367E+01 2.899E+04 4.638E+05 1.855E+06 2.113E+06 2.206E+06 2.113E+06 1.855E+06 4.638E+05 2.899E+04 3.367E+01
 4.000E-14 0.000E+00
 3.863E+01 3.327E+04 5.323E+05 2.129E+06 2.424E+06 2.532E+06 2.424E+06 2.129E+06 5.323E+05 3.327E+04 3.863E+01
 4.500E-14 0.000E+00
 4.421E+01 3.807E+04 6.092E+05 2.437E+06 2.775E+06 2.898E+06 2.775E+06 2.437E+06 6.092E+05 3.807E+04 4.421E+01
 5.000E-14 0.000E+00
 5.047E+01 4.346E+04 6.954E+05 2.781E+06 3.167E+06 3.308E+06 3.167E+06 2.781E+06 6.954E+05 4.346E+04 5.047E+01
 5.500E-14 0.000E+00
 5.746E+01 4.948E+04 7.917E+05 3.167E+06 3.606E+06 3.766E+06 3.606E+06 3.167E+06 7.917E+05 4.948E+04 5.746E+01
 6.000E-14 0.000E+00
 6.525E+01 5.618E+04 8.990E+05 3.596E+06 4.095E+06 4.276E+06 4.095E+06 3.596E+06 8.990E+05 5.618E+04 6.525E+01
 6.500E-14 0.000E+00
 7.390E+01 6.363E+04 1.018E+06 4.072E+06 4.638E+06 4.843E+06 4.638E+06 4.072E+06 1.018E+06 6.363E+04 7.390E+01
 7.000E-14 0.000E+00
 8.348E+01 7.188E+04 1.150E+06 4.600E+06 5.239E+06 5.471E+06 5.239E+06 4.600E+06 1.150E+06 7.188E+04 8.348E+01
 7.500E-14 0.000E+00
 9.405E+01 8.098E+04 1.296E+06 5.183E+06 5.902E+06 6.163E+06 5.902E+06 5.183E+06 1.296E+06 8.098E+04 9.405E+01
 8.000E-14 0.000E+00
 1.057E+02 9.100E+04 1.456E+06 5.824E+06 6.632E+06 6.926E+06 6.632E+06 5.824E+06 1.456E+06 9.100E+04 1.057E+02
 8.500E-14 0.000E+00
 1.184E+02 1.020E+05 1.632E+06 6.527E+06 7.433E+06 7.762E+06 7.433E+06 6.527E+06 1.632E+06 1.020E+05 1.184E+02
 9.000E-14 0.000E+00
 1.324E+02 1.140E+05 1.824E+06 7.296E+06 8.309E+06 8.677E+06 8.309E+06 7.296E+06 1.824E+06 1.140E+05 1.324E+02
 9.500E-14 0.000E+00
 1.476E+02 1.271E+05 2.034E+06 8.134E+06 9.263E+06 9.673E+06 9.263E+06 8.134E+06 2.034E+06 1.271E+05 1.476E+02
 1.000E-13 0.000E+00
 1.641E+02 1.413E+05 2.261E+06 9.045E+06 1.030E+07 1.076E+07 1.030E+07 9.045E+06 2.261E+06 1.413E+05 1.641E+02
 1.050E-13 0.000E+00
 1.820E+02 1.567E+05 2.508E+06 1.003E+07 1.142E+07 1.193E+07 1.142E+07 1.003E+07 2.508E+06 1.567E+05 1.820E+02
 1.100E-13 0.000E+00
 2.014E+02 1.734E+05 2.774E+06 1.110E+07 1.264E+07 1.320E+07 1.264E+07 1.110E+07 2.774E+06 1.734E+05 2.014E+02
 1.150E-13 0.000E+00
 2.221E+02 1.913E+05 3.061E+06 1.224E+07 1.394E+07 1.456E+07 1.394E+07 1.224E+07 3.061E+06 1.913E+05 2.221E+02
 1.200E-13 0.000E+00
 2.444E+02 2.105E+05 3.368E+06 1.347E+07 1.534E+07 1.602E+07 1.534E+07 1.347E+07 3.368E+06 2.105E+05 2.444E+02
 1.250E-13 0.000E+00
 2.683E+02 2.310E+05 3.696E+06 1.478E+07 1.684E+07 1.758E+07 1.684E+07 1.478E+07 3.696E+06 2.310E+05 2.683E+02
 1.300E-13 0.000E+00
 2.937E+02 2.529E+05 4.046E+06 1.618E+07 1.843E+07 1.925E+07 1.843E+07 1.618E+07 4.046E+06 2.529E+05 2.937E+02
 1.350E-13 0.000E+00
 3.206E+02 2.761E+05 4.417E+06 1.767E+07 2.012E+07 2.101E+07 2.012E+07 1.767E+07 4.417E+06 2.761E+05 3.206E+02
 1.400E-13 0.000E+00
 3.491E+02 3.006E+05 4.810E+06 1.924E+07 2.191E+07 2.288E+07 2.191E+07 1.924E+07 4.810E+06 3.006E+05 3.491E+02
 1.450E-13 0.000E+00
 3.792E+02 3.265E+05 5.224E+06 2.089E+07 2.379E+07 2.485E+07 2.379E+07 2.089E+07 5.224E+06 3.265E+05 3.792E+02
 1.500E-13 0.000E+00
 4.107E+02 3.536E+05 5.658E+06 2.263E+07 2.577E+07 2.692E+07 2.577E+07 2.263E+07 5.658E+06 3.536E+05 4.107E+02
 1.550E-13 0.000E+00
 4.437E+02 3.821E+05 6.113E+06 2.445E+07 2.785E+07 2.908E+07 2.785E+07 2.445E+07 6.113E+06 3.821E+05 4.437E+02
 1.600E-13 0.000E+00
 4.781E+02 4.117E+05 6.587E+06 2.635E+07 3.001E+07 3.133E+07 3.001E+07 2.635E+07 6.587E+06 4.117E+05 4.781E+02
 1.650E-13 0.000E+00
 5.139E+02 4.425E+05 7.079E+06 2.832E+07 3.225E+07 3.368E+07 3.225E+07 2.832E+07 7.079E+06 4.425E+05 5.139E+02
 1.700E-13 0.000E+00
 5.508E+02 4.743E+05 7.589E+06 3.035E+07 3.457E+07 3.610E+07 3.457E+07 3.035E+07 7.589E+06 4.743E+05 5.508E+02
 1.750E-13 0.000E+00
 5.889E+02 5.071E+05 8.113E+06 3.245E+07 3.696E+07 3.859E+07 3.696E+07 3.245E+07 8.113E+06 5.071E+05 5.889E+02
 1.800E-13 0.000E+00
 6.279E+02 5.407E+05 8.651E+06 3.460E+07 3.941E+07 4.115E+07 3.941E+07 3.460E+07 8.651E+06 5.407E+05 6.279E+02
 1.850E-13 0.000E+00
 6.678E+02 5.750E+05 9.200E+06 3.680E+07 4.191E+07 4.377E+07 4.191E+07 3.680E+07 9.200E+06 5.750E+05 6.678E+02
 1.900E-13 0.000E+00
 7.084E+02 6.100E+05 9.759E+06 3.904E+07 4.446E+07 4.642E+07 4.446E+07 3.904E+07 9.759E+06 6.100E+05 7.084E+02
 1.950E-13 0.000E+00
 7.494E+02 6.453E+05 1.032E+07 4.130E+07 4.703E+07 4.911E+07 4.703E+07 4.130E+07 1.032E+07 6.453E+05 7.494E+02
 2.000E-13 0.000E+00
 7.908E+02 6.809E+05 1.089E+07 4.358E+07 4.963E+07 5.182E+07 4.963E+07 4.358E+07 1.089E+07 6.809E+05 7.908E+02
 2.050E-13 0.000E+00
 8.322E+02 7.166E+05 1.147E+07 4.586E+07 5.223E+07 5.454E+07 5.223E+07 4.586E+07 1.147E+07 7.166E+05 8.322E+02
 2.100E-13 0.000E+00
 8.736E+02 7.522E+05 1.204E+07 4.814E+07 5.482E+07 5.725E+07 5.482E+07 4.814E+07 1.204E+07 7.522E+05 8.736E+02
 2.150E-13 0.000E+00
 9.146E+02 7.875E+05 1.260E+07 5.040E+07 5.740E+07 5.994E+07 5.740E+07 5.040E+07 1.260E+07 7.875E+05 9.146E+02
 2.200E-13 0.000E+00
 9.550E+02 8.223E+05 1.316E+07 5.263E+07 5.993E+07 6.259E+07 5.993E+07 5.263E+07 1.316E+07 8.223E+05 9.550E+02
 2.250E-13 0.000E+00
 9.946E+02 8.564E+05 1.370E+07 5.481E+07 6.242E+07 6.518E+07 6.242E+07 5.481E+07 1.370E+07 8.564E+05 9.946E+02
 2.300E-13 0.000E+00
 1.033E+03 8.896E+05 1.423E+07 5.693E+07 6.484E+07 6.771E+07 6.484E+07 5.693E+07 1.423E+07 8.896E+05 1.033E+03
 2.350E-13 0.000E+00
 1.070E+03 9.216E+05 1.475E+07 5.898E+07 6.717E+07 7.014E+07 6.717E+07 5.898E+07 1.475E+07 9.216E+05 1.070E+03
 2.400E-13 0.000E+00
 1.106E+03 9.523E+05 1.524E+07 6.095E+07 6.941E+07 7.248E+07 6.941E+07 6.095E+07 1.524E+07 9.523E+05 1.106E+03
 2.450E-13 0.000E+00
 1.140E+03 9.814E+05 1.570E+07 6.281E+07 7.153E+07 7.470E+07 7.153E+07 6.281E+07 1.570E+07 9.814E+05 1.140E+03
 2.500E-13 0.000E+00
 1.172E+03 1.009E+06 1.614E+07 6.456E+07 7.353E+07 7.678E+07 7.353E+07 6.456E+07 1.614E+07 1.009E+06 1.172E+03
 2.550E-13 0.000E+00
 1.201E+03 1.034E+06 1.655E+07 6.619E+07 7.538E+07 7.872E+07 7.538E+07 6.619E+07 1.655E+07 1.034E+06 1.201E+03
 2.600E-13 0.000E+00
 1.228E+03 1.058E+06 1.692E+07 6.768E+07 7.708E+07 8.049E+07 7.708E+07 6.768E+07 1.692E+07 1.058E+06 1.228E+03
 2.650E-13 0.000E+00
 1.253E+03 1.079E+06 1.726E+07 6.903E+07 7.861E+07 8.209E+07 7.861E+07 6.903E+07 1.726E+07 1.079E+06 1.253E+03
 2.700E-13 0.000E+00
 1.274E+03 1.097E+06 1.755E+07 7.021E+07 7.996E+07 8.350E+07 7.996E+07 7.021E+07 1.755E+07 1.097E+06 1.274E+03
 2.750E-13 0.000E+00
 1.293E+03 1.113E+06 1.781E+07 7.123E+07 8.112E+07 8.471E+07 8.112E+07 7.123E+07 1.781E+07 1.113E+06 1.293E+03
 2.800E-13 0.000E+00
 1.308E+03 1.126E+06 1.802E+07 7.208E+07 8.208E+07 8.571E+07 8.208E+07 7.208E+07 1.802E+07 1.126E+06 1.308E+03
 2.850E-13 0.000E+00
 1.320E+03 1.137E+06 1.819E+07 7.274E+07 8.284E+07 8.650E+07 8.284E+07 7.274E+07 1.819E+07 1.137E+06 1.320E+03
 2.900E-13 0.000E+00
 1.329E+03 1.144E+06 1.830E+07 7.322E+07 8.338E+07 8.707E+07 8.338E+07 7.322E+07 1.830E+07 1.144E+06 1.329E+03
 2.950E-13 0.000E+00
 1.334E+03 1.149E+06 1.838E+07 7.351E+07 8.371E+07 8.742E+07 8.371E+07 7.351E+07 1.838E+07 1.149E+06 1.334E+03
 3.000E-13 0.000E+00
 1.336E+03 1.150E+06 1.840E+07 7.360E+07 8.382E+07 8.753E+07 8.382E+07 7.360E+07 1.840E+07 1.150E+06 1.336E+03
 3.050E-13 0.000E+00
 1.334E+03 1.149E+06 1.838E+07 7.351E+07 8.371E+07 8.742E+07 8.371E+07 7.351E+07 1.838E+07 1.149E+06 1.334E+03
 3.100E-13 0.000E+00
 1.329E+03 1.144E+06 1.830E+07 7.322E+07 8.338E+07 8.707E+07 8.338E+07 7.322E+07 1.830E+07 1.144E+06 1.329E+03
 3.150E-13 0.000E+00
 1.320E+03 1.137E+06 1.819E+07 7.274E+07 8.284E+07 8.650E+07 8.284E+07 7.274E+07 1.819E+07 1.137E+06 1.320E+03
 3.200E-13 0.000E+00
 1.308E+03 1.126E+06 1.802E+07 7.208E+07 8.208E+07 8.571E+07 8.208E+07 7.208E+07 1.802E+07 1.126E+06 1.308E+03
 3.250E-13 0.000E+00
 1.293E+03 1.113E+06 1.781E+07 7.123E+07 8.112E+07 8.471E+07 8.112E+07 7.123E+07 1.781E+07 1.113E+06 1.293E+03
 3.300E-13 0.000E+00
 1.274E+03 1.097E+06 1.755E+07 7.021E+07 7.996E+07 8.350E+07 7.996E+07 7.021E+07 1.755E+07 1.097E+06 1.274E+03
 3.350E-13 0.000E+00
 1.253E+03 1.079E+06 1.726E+07 6.903E+07 7.861E+07 8.209E+07 7.861E+07 6.903E+07 1.726E+07 1.079E+06 1.253E+03
 3.400E-13 0.000E+00
 1.228E+03 1.058E+06 1.692E+07 6.768E+07 7.708E+07 8.049E+07 7.708E+07 6.768E+07 1.692E+07 1.058E+06 1.228E+03
 3.450E-13 0.000E+00
 1.201E+03 1.034E+06 1.655E+07 6.619E+07 7.538E+07 7.872E+07 7.538E+07 6.619E+07 1.655E+07 1.034E+06 1.201E+03
 3.500E-13 0.000E+00
 1.172E+03 1.009E+06 1.614E+07 6.456E+07 7.353E+07 7.678E+07 7.353E+07 6.456E+07 1.614E+07 1.009E+06 1.172E+03
 3.550E-13 0.000E+00
 1.140E+03 9.814E+05 1.570E+07 6.281E+07 7.153E+07 7.470E+07 7.153E+07 6.281E+07 1.570E+07 9.814E+05 1.140E+03
 3.600E-13 0.000E+00
 1.106E+03 9.523E+05 1.524E+07 6.095E+07 6.941E+07 7.248E+07 6.941E+07 6.095E+07 1.524E+07 9.523E+05 1.106E+03
 3.650E-13 0.000E+00
 1.070E+03 9.216E+05 1.475E+07 5.898E+07 6.717E+07 7.014E+07 6.717E+07 5.898E+07 1.475E+07 9.216E+05 1.070E+03
 3.700E-13 0.000E+00
 1.033E+03 8.896E+05 1.423E+07 5.693E+07 6.484E+07 6.771E+07 6.484E+07 5.693E+07 1.423E+07 8.896E+05 1.033E+03
 3.750E-13 0.000E+00
 9.946E+02 8.564E+05 1.370E+07 5.481E+07 6.242E+07 6.518E+07 6.242E+07 5.481E+07 1.370E+07 8.564E+05 9.946E+02
 3.800E-13 0.000E+00
 9.550E+02 8.223E+05 1.316E+07 5.263E+07 5.993E+07 6.259E+07 5.993E+07 5.263E+07 1.316E+07 8.223E+05 9.550E+02
 3.850E-13 0.000E+00
 9.146E+02 7.875E+05 1.260E+07 5.040E+07 5.740E+07 5.994E+07 5.740E+07 5.040E+07 1.260E+07 7.875E+05 9.146E+02
 3.900E-13 0.000E+00
 8.736E+02 7.522E+05 1.204E+07 4.814E+07 5.482E+07 5.725E+07 5.482E+07 4.814E+07 1.204E+07 7.522E+05 8.736E+02
 3.950E-13 0.000E+00
 8.322E+02 7.166E+05 1.147E+07 4.586E+07 5.223E+07 5.454E+07 5.223E+07 4.586E+07 1.147E+07 7.166E+05 8.322E+02
 4.000E-13 0.000E+00
 7.908E+02 6.809E+05 1.089E+07 4.358E+07 4.963E+07 5.182E+07 4.963E+07 4.358E+07 1.089E+07 6.809E+05 7.908E+02
 4.050E-13 0.000E+00
 7.494E+02 6.453E+05 1.032E+07 4.130E+07 4.703E+07 4.911E+07 4.703E+07 4.130E+07 1.032E+07 6.453E+05 7.494E+02
 4.100E-13 0.000E+00
 7.084E+02 6.100E+05 9.759E+06 3.904E+07 4.446E+07 4.642E+07 4.446E+07 3.904E+07 9.759E+06 6.100E+05 7.084E+02
 4.150E-13 0.000E+00
 6.678E+02 5.750E+05 9.200E+06 3.680E+07 4.191E+07 4.377E+07 4.191E+07 3.680E+07 9.200E+06 5.750E+05 6.678E+02
 4.200E-13 0.000E+00
 6.279E+02 5.407E+05 8.651E+06 3.460E+07 3.941E+07 4.115E+07 3.941E+07 3.460E+07 8.651E+06 5.407E+05 6.279E+02
 4.250E-13 0.000E+00
 5.889E+02 5.071E+05 8.113E+06 3.245E+07 3.696E+07 3.859E+07 3.696E+07 3.245E+07 8.113E+06 5.071E+05 5.889E+02
 4.300E-13 0.000E+00
 5.508E+02 4.743E+05 7.589E+06 3.035E+07 3.457E+07 3.610E+07 3.457E+07 3.035E+07 7.589E+06 4.743E+05 5.508E+02
 4.350E-13 0.000E+00
 5.139E+02 4.425E+05 7.079E+06 2.832E+07 3.225E+07 3.368E+07 3.225E+07 2.832E+07 7.079E+06 4.425E+05 5.139E+02
 4.400E-13 0.000E+00
 4.781E+02 4.117E+05 6.587E+06 2.635E+07 3.001E+07 3.133E+07 3.001E+07 2.635E+07 6.587E+06 4.117E+05 4.781E+02
 4.450E-13 0.000E+00
 4.437E+02 3.821E+05 6.113E+06 2.445E+07 2.785E+07 2.908E+07 2.785E+07 2.445E+07 6.113E+06 3.821E+05 4.437E+02
 4.500E-13 0.000E+00
 4.107E+02 3.536E+05 5.658E+06 2.263E+07 2.577E+07 2.692E+07 2.577E+07 2.263E+07 5.658E+06 3.536E+05 4.107E+02
 4.550E-13 0.000E+00
 3.792E+02 3.265E+05 5.224E+06 2.089E+07 2.379E+07 2.485E+07 2.379E+07 2.089E+07 5.224E+06 3.265E+05 3.792E+02
 4.600E-13 0.000E+00
 3.491E+02 3.006E+05 4.810E+06 1.924E+07 2.191E+07 2.288E+07 2.191E+07 1.924E+07 4.810E+06 3.006E+05 3.491E+02
 4.650E-13 0.000E+00
 3.206E+02 2.761E+05 4.417E+06 1.767E+07 2.012E+07 2.101E+07 2.012E+07 1.767E+07 4.417E+06 2.761E+05 3.206E+02
 4.700E-13 0.000E+00
 2.937E+02 2.529E+05 4.046E+06 1.618E+07 1.843E+07 1.925E+07 1.843E+07 1.618E+07 4.046E+06 2.529E+05 2.937E+02
 4.750E-13 0.000E+00
 2.683E+02 2.310E+05 3.696E+06 1.478E+07 1.684E+07 1.758E+07 1.684E+07 1.478E+07 3.696E+06 2.310E+05 2.683E+02
 4.800E-13 0.000E+00
 2.444E+02 2.105E+05 3.368E+06 1.347E+07 1.534E+07 1.602E+07 1.534E+07 1.347E+07 3.368E+06 2.105E+05 2.444E+02
 4.850E-13 0.000E+00
 2.221E+02 1.913E+05 3.061E+06 1.224E+07 1.394E+07 1.456E+07 1.394E+07 1.224E+07 3.061E+06 1.913E+05 2.221E+02
 4.900E-13 0.000E+00
 2.014E+02 1.734E+05 2.774E+06 1.110E+07 1.264E+07 1.320E+07 1.264E+07 1.110E+07 2.774E+06 1.734E+05 2.014E+02
 4.950E-13 0.000E+00
 1.820E+02 1.567E+05 2.508E+06 1.003E+07 1.142E+07 1.193E+07 1.142E+07 1.003E+07 2.508E+06 1.567E+05 1.820E+02
 5.000E-13 0.000E+00
 1.641E+02 1.413E+05 2.261E+06 9.045E+06 1.030E+07 1.076E+07 1.030E+07 9.045E+06 2.261E+06 1.413E+05 1.641E+02
 5.050E-13 0.000E+00
 1.476E+02 1.271E+05 2.034E+06 8.134E+06 9.263E+06 9.673E+06 9.263E+06 8.134E+06 2.034E+06 1.271E+05 1.476E+02
 5.100E-13 0.000E+00
 1.324E+02 1.140E+05 1.824E+06 7.296E+06 8.309E+06 8.677E+06 8.309E+06 7.296E+06 1.824E+06 1.140E+05 1.324E+02
 5.150E-13 0.000E+00
 1.184E+02 1.020E+05 1.632E+06 6.527E+06 7.433E+06 7.762E+06 7.433E+06 6.527E+06 1.632E+06 1.020E+05 1.184E+02
 5.200E-13 0.000E+00
 1.057E+02 9.100E+04 1.456E+06 5.824E+06 6.632E+06 6.926E+06 6.632E+06 5.824E+06 1.456E+06 9.100E+04 1.057E+02
 5.250E-13 0.000E+00
 9.405E+01 8.098E+04 1.296E+06 5.183E+06 5.902E+06 6.163E+06 5.902E+06 5.183E+06 1.296E+06 8.098E+04 9.405E+01
 5.300E-13 0.000E+00
 8.348E+01 7.188E+04 1.150E+06 4.600E+06 5.239E+06 5.471E+06 5.239E+06 4.600E+06 1.150E+06 7.188E+04 8.348E+01
 5.350E-13 0.000E+00
 7.390E+01 6.363E+04 1.018E+06 4.072E+06 4.638E+06 4.843E+06 4.638E+06 4.072E+06 1.018E+06 6.363E+04 7.390E+01
 5.400E-13 0.000E+00
 6.525E+01 5.618E+04 8.990E+05 3.596E+06 4.095E+06 4.276E+06 4.095E+06 3.596E+06 8.990E+05 5.618E+04 6.525E+01
 5.450E-13 0.000E+00
 5.746E+01 4.948E+04 7.917E+05 3.167E+06 3.606E+06 3.766E+06 3.606E+06 3.167E+06 7.917E+05 4.948E+04 5.746E+01
 5.500E-13 0.000E+00
 5.047E+01 4.346E+04 6.954E+05 2.781E+06 3.167E+06 3.308E+06 3.167E+06 2.781E+06 6.954E+05 4.346E+04 5.047E+01
 5.550E-13 0.000E+00
 4.421E+01 3.807E+04 6.092E+05 2.437E+06 2.775E+06 2.898E+06 2.775E+06 2.437E+06 6.092E+05 3.807E+04 4.421E+01
 5.600E-13 0.000E+00
 3.863E+01 3.327E+04 5.323E+05 2.129E+06 2.424E+06 2.532E+06 2.424E+06 2.129E+06 5.323E+05 3.327E+04 3.863E+01
 5.650E-13 0.000E+00
 3.367E+01 2.899E+04 4.638E+05 1.855E+06 2.113E+06 2.206E+06 2.113E+06 1.855E+06 4.638E+05 2.899E+04 3.367E+01
 5.700E-13 0.000E+00
 2.926E+01 2.520E+04 4.032E+05 1.613E+06 1.836E+06 1.918E+06 1.836E+06 1.613E+06 4.032E+05 2.520E+04 2.926E+01
 5.750E-13 0.000E+00
 2.537E+01 2.184E+04 3.495E+05 1.398E+06 1.592E+06 1.663E+06 1.592E+06 1.398E+06 3.495E+05 2.184E+04 2.537E+01
 5.800E-13 0.000E+00
 2.193E+01 1.889E+04 3.022E+05 1.209E+06 1.377E+06 1.437E+06 1.377E+06 1.209E+06 3.022E+05 1.889E+04 2.193E+01
 5.850E-13 0.000E+00
 1.892E+01 1.629E+04 2.606E+05 1.042E+06 1.187E+06 1.240E+06 1.187E+06 1.042E+06 2.606E+05 1.629E+04 1.892E+01
 5.900E-13 0.000E+00
 1.627E+01 1.401E+04 2.242E+05 8.966E+05 1.021E+06 1.066E+06 1.021E+06 8.966E+05 2.242E+05 1.401E+04 1.627E+01
 5.950E-13 0.000E+00
 1.396E+01 1.202E+04 1.923E+05 7.692E+05 8.759E+05 9.147E+05 8.759E+05 7.692E+05 1.923E+05 1.202E+04 1.396E+01
 5.990E-13 0.000E+00
 1.232E+01 1.061E+04 1.698E+05 6.791E+05 7.734E+05 8.076E+05 7.734E+05 6.791E+05 1.698E+05 1.061E+04 1.232E+01
 6.000E-13 0.000E+00
 1.194E+01 1.028E+04 1.645E+05 6.581E+05 7.495E+05 7.826E+05 7.495E+05 6.581E+05 1.645E+05 1.028E+04 1.194E+01
